username = ccbd24
graph = GCGraphA.txt with (|V|,|E|) = (128,3216)
colours-to-use = 40
algorithm = AB
associated parameters [n, num_cyc, N, M, lambbda] = [12, 5000, 200, 500, 500]
conflicts = 4
elapsed time = 55.4
18,39,9,8,12,30,18,15,4,3,17,8,20,12,16,4,1,1,30,24,11,15,6,23,10,2,19,16,14,13,15,3,11,6,1,19,7,34,7,10,
12,14,2,2,37,22,17,5,6,10,16,11,35,13,29,4,16,7,5,2,2,27,16,8,8,40,24,31,6,7,18,1,9,10,28,27,3,3,13,6,
13,33,36,9,3,30,18,40,22,21,4,11,9,8,3,26,17,5,20,26,5,22,4,7,24,1,25,33,12,23,14,6,38,14,17,21,25,1,3,9,
2,10,29,15,28,32,5,1,
